# This file uses meters as units for non-parametric coordinates.

mtllib extra_bridge_castle.mtl
g default
v 0.000000 2960.806200 -14700.371589
v -800.000000 2960.806200 -14700.371589
v 0.000000 3378.960009 -14616.151104
v -800.000000 3378.960009 -14616.151104
v 0.000000 418.153744 84.220471
v -800.000000 418.153744 84.220471
v 0.000000 -0.000064 -0.000013
v -800.000000 -0.000064 -0.000013
v 0.000000 83.857082 16.889680
v -800.000000 83.857082 16.889680
v -800.000000 3044.663347 -14683.481895
v 0.000000 3044.663347 -14683.481895
v -880.052429 -0.000064 -0.000013
v -880.052429 2960.806200 -14700.371589
v -880.052429 83.857082 16.889680
v -880.052429 3044.663347 -14683.481895
v 80.052429 2960.806200 -14700.371589
v 80.052429 -0.000064 -0.000013
v 80.052429 3044.663347 -14683.481895
v 80.052429 83.857082 16.889680
v -800.000000 -5014.133357 -1009.898109
v 0.000000 -5014.133357 -1009.898109
v -800.000000 -2053.327092 -15710.269684
v 0.000000 -2053.327092 -15710.269684
vt 0.375000 0.000000
vt 0.625000 0.000000
vt 0.625000 0.250000
vt 0.375000 0.250000
vt 0.625000 0.500000
vt 0.375000 0.500000
vt 0.625000 0.750000
vt 0.375000 0.750000
vt 0.625000 1.000000
vt 0.375000 1.000000
vt 0.875000 0.000000
vt 0.875000 0.250000
vt 0.125000 0.000000
vt 0.125000 0.250000
vt 0.375000 0.699865
vt 0.125000 0.050135
vt 0.625000 0.699865
vt 0.875000 0.050135
vt 0.625000 0.050135
vt 0.375000 0.050135
vt 0.625000 0.000000
vt 0.875000 0.000000
vt 0.875000 0.050135
vt 0.625000 0.050135
vt 0.125000 0.000000
vt 0.375000 0.000000
vt 0.375000 0.050135
vt 0.125000 0.050135
vt 0.375000 0.750000
vt 0.625000 0.750000
vt 0.625000 1.000000
vt 0.375000 1.000000
vn -0.000000 0.197445 -0.980314
vn -0.000000 0.197445 -0.980314
vn 0.000000 0.197445 -0.980314
vn 0.000000 0.197445 -0.980314
vn -0.000000 0.980314 0.197445
vn -0.000000 0.980314 0.197445
vn -0.000000 0.980314 0.197445
vn -0.000000 0.980314 0.197445
vn 0.000000 -0.197445 0.980314
vn 0.000000 -0.197445 0.980314
vn 0.000000 -0.197445 0.980314
vn 0.000000 -0.197445 0.980314
vn 0.000000 -0.980314 -0.197445
vn 0.000000 -0.980314 -0.197445
vn 0.000000 -0.980314 -0.197445
vn 0.000000 -0.980314 -0.197445
vn -1.000000 0.000000 0.000000
vn -1.000000 0.000000 0.000000
vn -1.000000 0.000000 0.000000
vn -1.000000 0.000000 0.000000
vn 1.000000 0.000000 0.000000
vn 1.000000 0.000000 0.000000
vn 1.000000 0.000000 0.000000
vn 1.000000 0.000000 0.000000
vn 0.000000 -0.197445 0.980314
vn 0.000000 -0.197445 0.980314
vn -1.000000 0.000000 0.000000
vn -1.000000 0.000000 0.000000
vn -1.000000 0.000000 0.000000
vn -1.000000 0.000000 0.000000
vn -0.000000 0.197445 -0.980314
vn -0.000000 0.197445 -0.980314
vn 1.000000 0.000000 0.000000
vn 1.000000 0.000000 0.000000
vn 1.000000 0.000000 0.000000
vn 1.000000 0.000000 0.000000
vn 0.000000 -0.980314 -0.197445
vn 0.000000 -0.980314 -0.197445
vn -1.000000 0.000000 0.000000
vn -1.000000 0.000000 0.000000
vn 0.000000 -0.197445 0.980314
vn -1.000000 0.000000 0.000000
vn 0.000000 0.980314 0.197445
vn 0.000000 0.980314 0.197445
vn 0.000000 0.980314 0.197445
vn 0.000000 0.980314 0.197445
vn -1.000000 0.000000 0.000000
vn 0.000000 0.197445 -0.980314
vn 0.000000 -0.980314 -0.197445
vn 0.000000 -0.980314 -0.197445
vn 1.000000 0.000000 0.000000
vn 1.000000 0.000000 0.000000
vn 0.000000 0.197445 -0.980314
vn 1.000000 0.000000 0.000000
vn 0.000000 0.980314 0.197445
vn 0.000000 0.980314 0.197445
vn 0.000000 0.980314 0.197445
vn 0.000000 0.980314 0.197445
vn 1.000000 0.000000 0.000000
vn 0.000000 -0.197445 0.980314
vn 0.000000 -0.980314 -0.197445
vn 0.000000 -0.980314 -0.197445
vn 0.000000 -0.980314 -0.197445
vn 0.000000 -0.980314 -0.197445
vn 0.000000 -0.980314 -0.197445
vn 0.000000 -0.980314 -0.197445
vn 0.000000 -0.980314 -0.197445
vn 0.000000 -0.980314 -0.197445
vn 0.000000 -0.980314 -0.197445
vn 0.000000 -0.980314 -0.197445
vn 0.000000 -0.980314 -0.197445
vn 0.000000 -0.980314 -0.197445
s 1
g pCube19
usemtl lambert12SG
f 1/1/1 2/2/2 11/19/3 12/20/4
s off
f 3/4/5 4/3/6 6/5/7 5/6/8
s 2
f 9/15/9 10/17/10 8/7/11 7/8/12
s off
f 22/29/13 21/30/14 23/31/15 24/32/16
f 14/21/17 13/22/18 15/23/19 16/24/20
f 18/25/21 17/26/22 19/27/23 20/28/24
s 2
f 5/6/25 6/5/26 10/17/10 9/15/9
s off
f 11/19/27 10/18/28 6/12/29 4/3/30
s 1
f 12/20/4 11/19/3 4/3/31 3/4/32
s off
f 9/16/33 12/20/34 3/4/35 5/14/36
f 2/2/37 8/11/38 13/22/39 14/21/40
s 2
f 8/11/11 10/18/10 15/23/41 13/22/42
s off
f 10/18/43 11/19/44 16/24/45 15/23/46
s 1
f 11/19/3 2/2/2 14/21/47 16/24/48
s off
f 7/13/49 1/1/50 17/26/51 18/25/52
s 1
f 1/1/1 12/20/4 19/27/53 17/26/54
s off
f 12/20/55 9/16/56 20/28/57 19/27/58
s 2
f 9/16/9 7/13/12 18/25/59 20/28/60
f 7/8/12 8/7/11 21/30/61 22/29/62
s off
f 8/7/63 2/9/64 23/31/65 21/30/66
s 1
f 2/9/2 1/10/1 24/32/67 23/31/68
s off
f 1/10/69 7/8/70 22/29/71 24/32/72
